50611058
37971374
37832470
35931922
33325512
36002446
33559305
38577234
36999555
41182718
29610237
38138156
32589846
50221855
32083381
36942695
36528775
34586232
33756301
36708520
35262993
44234697
38349875
39154530
29985717
34064808
46880779
38435003
35362601
34307542
38966559
38116565
27449472
28255257
28753280
27083092
21947120
20936958
28941196
50835853
39431999
35849371
39180829
36536954
34485633
31920332
27647066
27566072
25697971
22453830
23624200
32769745
46834851
37968183
34671340
37179441
37597141
38837054
38062710
31148847
27476066
23780883
24630796
27372042
36998533


